INSERT INTO pm_tipo (Tipo, DebolezzaNormale, DebolezzaFuoco, DebolezzaAcqua, DebolezzaErba, DebolezzaElettro, DebolezzaGhiaccio, DebolezzaLotta, DebolezzaVeleno,DebolezzaTerra, DebolezzaVolante, DebolezzaPsico, DebolezzaColeottero, DebolezzaRoccia, DebolezzaSpettro, DebolezzaDrago, DebolezzaBuio, DebolezzaAccaio,DebolezzaFolletto)
VALUES ('normale', 1, 1, 1, 1, 1, 1, 1, 1, 1, 1, 1, 1, 0.5, 0, 1, 1, 0.5, 1),
('fuoco', 1, 0.5, 0.5, 2, 1, 2, 1, 1, 1, 1, 1, 2, 0.5, 1, 0.5, 1, 2, 1),
('acqua', 1, 2, 0.5, 0.5, 1, 1, 1, 1, 2, 1, 1, 1, 2, 1, 0.5, 1, 1, 1),
('erba', 1, 0.5, 2, 0.5, 1, 1, 1, 0.5, 2, 0.5, 1, 0.5, 2, 1, 0.5, 1, 0.5, 1),
('elettro', 1, 1, 2, 0.5, 0.5, 1, 1, 1, 0, 2, 1, 1, 1, 1, 0.5, 1, 1, 1),
('ghiaccio', 1, 0.5, 0.5, 2, 1, 0.5, 1, 1, 2, 2, 1, 1, 1, 1, 2, 1, 0.5, 1),
('lotta', 2, 1, 1, 1, 1, 2, 1, 0.5, 1, 0.5, 0.5, 0.5, 2, 0, 1, 2, 2, 0.5),
('veleno', 1, 1, 1, 2, 1, 1, 1, 0.5, 0.5, 1, 1, 1, 0.5, 0.5, 1, 1, 0, 2),
('terra', 1, 2, 1, 0.5, 2, 1, 1, 2, 1, 0, 1, 0.5, 2, 1, 1, 1, 2, 1),
('volante', 1, 1, 1, 2, 0.5, 1, 2, 1, 1, 1, 1, 2, 0.5, 1, 1, 1, 0.5, 1),
('psico', 1, 1, 1, 1, 1, 1, 2, 2, 1, 1, 0.5, 1, 1, 1, 1, 0, 0.5, 1),
('coleottero', 1, 0.5, 1, 2, 1, 1, 0.5, 0.5, 1, 0.5, 2, 1, 1, 0.5, 1, 2, 0.5, 0.5),
('roccia', 1, 2, 1, 1, 1, 2, 0.5, 1, 0.5, 2, 1, 2, 1, 1, 1, 1, 0.5, 1),
('spettro', 0, 1, 1, 1, 1, 1, 1, 1, 1, 1, 2, 1, 1, 2, 1, 0.5, 1, 1),
('drago', 1, 1, 1, 1, 1, 1, 1, 1, 1, 1, 1, 1, 1, 1, 2, 1, 0.5, 0),
('buio', 1, 1, 1, 1, 1, 1, 0.5, 1, 1, 1, 2, 1, 1, 2, 1, 0.5, 1, 0.5),
('accaio', 1, 0.5, 0.5, 1, 0.5, 2, 1, 1, 1, 1, 1, 1, 2, 1, 1, 1, 0.5, 2),
('folletto', 1, 0.5, 1, 1, 1, 1, 2, 0.5, 1, 1, 1, 1, 1, 1, 2, 2, 0.5, 1);

INSERT INTO `pokemon` (`Pokedex`, `nome`, `PS`, `Atk`, `AtkSP`, `Dif`, `DifSP`, `Vel`) 
VALUES (1, 'bulbasaur', 152, 111, 128, 111, 128, 106),
(2, 'ivysaur', 167, 125, 145, 126, 145, 123),
(3, 'venusaur', 187, 147, 167, 148, 167, 145),
(4, 'charmander', 146, 114, 123, 104, 112, 128),
(5, 'charmeleon', 165, 127, 145, 121, 128, 145),
(6, 'charizard', 185, 149, 177, 143, 150, 167),
(7, 'squirtle', 151, 110, 112, 128, 127, 104),
(8, 'wartortle', 166, 126, 128, 145, 145, 121),
(9, 'blastoise', 186, 148, 150, 167, 172, 143),
(10, 'caterpie', 152, 90, 79, 95, 79, 106),
(11, 'metapod', 157, 79, 84, 117, 84, 90),
(12, 'butterfree', 167, 106, 156, 112, 145, 114),
(13, 'weedle', 147, 95, 79, 90, 79, 112),
(14, 'kakuna', 152, 84, 84, 112, 84, 95),
(15, 'beedrill', 172, 156, 106, 101, 145, 139),
(16, 'pidgey', 147, 106, 95, 101, 95, 118),
(17, 'pidgeotto', 170, 123, 112, 117, 112, 135),
(18, 'pidgeot', 190, 145, 134, 139, 134, 168),
(19, 'rattata', 137, 118, 84, 95, 95, 136),
(20, 'raticate', 162, 146, 112, 123, 134, 163),
(21, 'spearow', 147, 123, 91, 90, 91, 134),
(22, 'fearow', 172, 156, 124, 128, 124, 167),
(23, 'ekans', 142, 123, 101, 105, 116, 117),
(24, 'arbok', 167, 161, 128, 133, 144, 145),
(25, 'pikachu', 142, 117, 112, 101, 112, 156);